
TESTCASE : 10
0.000000	0.000000	0.001000	0.000000	0.000000	0.000000	0.000000	0.000000	0.000000	0.000000	
TESTCASE : 100
0.000000	0.000000	0.001000	0.000000	0.001000	0.000000	0.001000	0.000000	0.000000	0.000000	
TESTCASE : 1000
0.002000	0.001000	0.001000	0.001000	0.001000	0.001000	0.001000	0.001000	0.001000	0.001000	
TESTCASE : 10000
0.012000	0.007000	0.008000	0.007000	0.009000	0.007000	0.007000	0.008000	0.009000	0.007000	
TESTCASE : 100000
0.066000	0.064000	0.066000	0.066000	0.066000	0.084000	0.067000	0.091000	0.075000	0.068000	
TESTCASE : 1000000
0.456000	0.525000	0.675000	0.783000	0.818000	0.827000	0.815000	0.815000	0.845000	0.798000	