
TESTCASE : 10
0.0	0.0	0.0	0.0	0.0	0.0	0.0	0.0	0.0	0.0	
TESTCASE : 100
0.0	0.0	0.0	0.0	0.0	0.0	0.0	0.0	0.0	0.015313148498535156	
TESTCASE : 1000
0.01562190055847168	0.015624284744262695	0.022138118743896484	0.01564788818359375	0.015609502792358398	0.01562643051147461	0.015619039535522461	0.031243085861206055	0.006516456604003906	0.03125405311584473	
TESTCASE : 10000
0.26204490661621094	0.27222466468811035	0.3004450798034668	0.3044393062591553	0.36414241790771484	0.3228580951690674	0.3329474925994873	0.333143949508667	0.38337182998657227	0.33275294303894043	
TESTCASE : 100000
2.57202410697937	2.7224888801574707	3.1380231380462646	3.185948133468628	3.1267106533050537	2.5463640689849854	2.8836731910705566	3.1179537773132324	3.1455912590026855	3.083096981048584	
TESTCASE : 1000000
28.622915506362915	29.004883527755737	29.145995616912842	27.454617977142334	26.409732580184937	26.238826751708984	26.794577836990356	26.675169229507446	27.316068172454834	27.288156509399414	