
TESTCASE : 10
0.000000	0.000000	0.000000	0.000000	0.000000	0.001000	0.000000	0.000000	0.000000	0.000000	
TESTCASE : 100
0.000000	0.000000	0.000000	0.000000	0.000000	0.001000	0.000000	0.001000	0.000000	0.000000	
TESTCASE : 1000
0.001000	0.001000	0.001000	0.001000	0.001000	0.001000	0.001000	0.001000	0.001000	0.001000	
TESTCASE : 10000
0.013000	0.009000	0.006000	0.008000	0.006000	0.007000	0.006000	0.007000	0.008000	0.007000	
TESTCASE : 100000
0.079000	0.083000	0.068000	0.093000	0.075000	0.098000	0.083000	0.100000	0.082000	0.101000	
TESTCASE : 1000000
0.895000	0.998000	1.010000	1.059000	1.024000	0.886000	0.750000	0.737000	0.927000	1.008000	