
TESTCASE : 10
0.0	0.0	0.0	0.0	0.0	0.0	0.0	0.0	0.0	0.0	
TESTCASE : 100
0.0	0.0	0.0	0.0	0.0	0.0	0.0	0.0	0.0	0.0	
TESTCASE : 1000
0.015620708465576172	0.01564192771911621	0.022135019302368164	0.015633344650268555	0.015617609024047852	0.015619993209838867	0.015620708465576172	0.022133827209472656	0.015631914138793945	0.03126859664916992	
TESTCASE : 10000
0.23719477653503418	0.3014192581176758	0.3039429187774658	0.30389404296875	0.3061668872833252	0.303511381149292	0.30489182472229004	0.34464144706726074	0.3129849433898926	0.2944822311401367	
TESTCASE : 100000
2.3883941173553467	3.028230667114258	3.099956512451172	3.0374908447265625	2.3217782974243164	2.979363441467285	3.0789759159088135	3.059328556060791	3.155099391937256	2.3480470180511475	
TESTCASE : 1000000
29.955063104629517	29.064913988113403	28.642336130142212	28.588855266571045	28.592118501663208	28.808579683303833	28.594730615615845	28.527920484542847	29.31997537612915	28.67943286895752	