
TESTCASE : 10
0.0	0.0	0.0	0.0	0.0	0.0	0.0	0.0	0.0	0.0	
TESTCASE : 100
0.0	0.0	0.0	0.0	0.0	0.0	0.0	0.0	0.0	0.0	
TESTCASE : 1000
0.0	0.0	0.0	0.0	0.015370368957519531	0.006505250930786133	0.0	0.0	0.0	0.0	
TESTCASE : 10000
0.04686331748962402	0.03778076171875	0.046868085861206055	0.031241655349731445	0.03775429725646973	0.04686403274536133	0.05337357521057129	0.046895742416381836	0.05334281921386719	0.04687833786010742	
TESTCASE : 100000
0.5070116519927979	0.5745048522949219	0.5941638946533203	0.6274275779724121	0.6076490879058838	0.5975167751312256	0.6123130321502686	0.6361408233642578	0.5941498279571533	0.602618932723999	
TESTCASE : 1000000
5.006570816040039	6.180239200592041	5.169882535934448	5.871270656585693	5.975697755813599	5.057518482208252	5.958299398422241	5.198774814605713	5.800530433654785	5.9305150508880615	