
TESTCASE : 10
0.000000	0.000000	0.000000	0.000000	0.000000	0.000000	0.000000	0.001000	0.000000	0.000000	
TESTCASE : 100
0.000000	0.001000	0.001000	0.000000	0.001000	0.000000	0.000000	0.001000	0.001000	0.001000	
TESTCASE : 1000
0.002000	0.001000	0.001000	0.001000	0.001000	0.001000	0.001000	0.000000	0.001000	0.000000	
TESTCASE : 10000
0.008000	0.007000	0.005000	0.007000	0.007000	0.006000	0.010000	0.006000	0.010000	0.006000	
TESTCASE : 100000
0.066000	0.066000	0.066000	0.083000	0.067000	0.083000	0.083000	0.084000	0.084000	0.082000	
TESTCASE : 1000000
0.753000	0.846000	0.782000	0.664000	0.616000	0.705000	0.816000	0.857000	0.908000	0.886000	